%YAML:1.0
rotation: !!opencv-matrix
   rows: 3
   cols: 3
   dt: d
   data: [ 9.9998717530657499e-01, -1.5556004122568763e-03,
       4.8196814972323978e-03, 1.5911557989970249e-03,
       9.9997148605669073e-01, -7.3820929821310074e-03,
       -4.8080604822211036e-03, 7.3896671732153118e-03,
       9.9996113693156519e-01 ]
translation: !!opencv-matrix
   rows: 3
   cols: 1
   dt: d
   data: [ -5.2135739919558180e-02, -2.3669254586105841e-04,
       -4.4369270050017952e-03 ]
essential: !!opencv-matrix
   rows: 3
   cols: 3
   dt: d
   data: [ 8.1978742099259695e-06, 4.4350514115804127e-03,
       -2.6943715496830189e-04, -4.6875418935917925e-03,
       3.9216785131298464e-04, 5.2112329189739209e-02,
       1.5373342544371609e-04, -5.2134621523047646e-02,
       3.8601166246219726e-04 ]
fundamental: !!opencv-matrix
   rows: 3
   cols: 3
   dt: d
   data: [ 5.1360238142037133e-09, 2.7831957289596143e-06,
       -6.1618881127801812e-04, -2.9537410830798484e-06,
       2.4752471103500117e-07, 1.3466141393630940e-02,
       1.6415360566462763e-03, -3.9976850387279821e-02, 1. ]
