%YAML:1.0
cameraMatrix: !!opencv-matrix
   rows: 3
   cols: 3
   dt: d
   data: [ 3.9102451112080581e+02, 0., 2.2844572758124022e+02, 0.,
       3.9037740217746978e+02, 1.9725846833678628e+02, 0., 0., 1. ]
distortionCoefficients: !!opencv-matrix
   rows: 1
   cols: 5
   dt: d
   data: [ 1.3858023464026351e-01, -2.4960483841274905e-01,
       -1.1417123342070486e-02, -1.5838724854283819e-02,
       1.9189518305916214e-01 ]
rotation: !!opencv-matrix
   rows: 3
   cols: 3
   dt: d
   data: [ 1., 0., 0., 0., 1., 0., 0., 0., 1. ]
projection: !!opencv-matrix
   rows: 4
   cols: 4
   dt: d
   data: [ 3.9102451112080581e+02, 0., 2.2844572758124022e+02, 0., 0.,
       3.9037740217746978e+02, 1.9725846833678628e+02, 0., 0., 0., 1.,
       0., 0., 0., 0., 1. ]
