%YAML:1.0
depthShift: 2.3265936651144962e+01
