%YAML:1.0
cameraMatrix: !!opencv-matrix
   rows: 3
   cols: 3
   dt: d
   data: [ 1.1436639645862590e+03, 0., 8.7348360773853142e+02, 0.,
       1.1370955356732552e+03, 5.1997457201009581e+02, 0., 0., 1. ]
distortionCoefficients: !!opencv-matrix
   rows: 1
   cols: 5
   dt: d
   data: [ 1.2130036469178618e-01, -1.6666957607795035e-01,
       -7.4800342824580361e-03, -2.0715778841505210e-02,
       1.8623069297988915e-01 ]
rotation: !!opencv-matrix
   rows: 3
   cols: 3
   dt: d
   data: [ 1., 0., 0., 0., 1., 0., 0., 0., 1. ]
projection: !!opencv-matrix
   rows: 4
   cols: 4
   dt: d
   data: [ 1.1436639645862590e+03, 0., 8.7348360773853142e+02, 0., 0.,
       1.1370955356732552e+03, 5.1997457201009581e+02, 0., 0., 0., 1.,
       0., 0., 0., 0., 1. ]
